accession
200274567
200264626
200261497
200275261
200229435
200275291
200216013
200271718
200244920
200244771
200244769
200270164
200270162
200270161
200270160
200243809
200243807
200243800
200273456
200179817
200254392
200269852
200255663
200233555
200256357
200129787
200263906
200270519
200240474
200256167
200211824
200211823
200269593
200211825
200269894
200219069
200267531
200219071
200219068
200100200
200237609
200183453
200267827
200267710
200267550
200267245
200232539
200267014
200262579
200235661
200264731
200261344
200261343
200261342
200245326
200266226
200244178
200245749
200233657
200260455
200254895
200240651
200243699
200236676
200253191
200241322
200241321
200241319
200241317
200200448
200262155
200226936
200249682
200261094
200243114
200261061
200253514
200253513
200253512
200253511
200260478
200260475
200254843
200254101
200226433
200199389
200168226
200255630
200255764
200239505
200239504
200239503
200239502
200225335
200223913
200241658
200236554
200252427
200252194
200215167
200206007
200213876
200234254
200196911
200249103
200119965
200064021
200119967
200248909
200234211
200248664
200213028
200222589
200185290
200246134
200235194
200240423
200214856
200240163
200230757
200245260
200233932
200183363
200223404
200219022
200225730
200174487
200214511
200236838
200233607
200242875
200241353
200213624
200157512
200221667
200224463
200211736
200228489
200224608
200224606
200224605
200211418
200240200
200235465
200221825
200211960
200227624
200226643
200202160
200223483
200150501
200150240
200236920
200155243
200235964
200231935
200221524
200237136
200206872
200206871
200211073
200202972
200234536
200223127
200205240
200175957
200233667
200220814
200159312
200211360
200214431
200228761
200225383
200225626
200217715
200203590
200228373
200228146
200209901
200222051
200228051
200153497
200221930
200226409
200211579
200113584
200224403
200224240
200213531
200201666
200225782
200217743
200225096
200224989
200224889
200208658
200223752
200224562
200224057
200206425
200206423
200198120
200180237
200223493
200220559
200215300
200222765
200222764
200222760
200178536
200178531
200178530
200171698
200222248
200143359
200141315
200154226
200218789
200216481
200054905
200054904
200054902
200197541
200199248
200184377
200221706
200192799
200219270
200221155
200221314
200217681
200217678
200217690
200178890
200206610
200206609
200206608
200198606
200195954
200199153
200216100
200217569
200211026
200174191
200217004
200202549
200165118
200165009
200165008
200217006
200159850
200212408
200216032
200201064
200201062
200182100
200147760
200147758
200215029
200213676
200212064
200207195
200214592
200186804
200199845
200213721
200196821
200209797
200189008
200183061
200182695
200142817
200211446
200201068
200190759
200181900
200179691
200197880
200166046
200206796
200197797
200195463
200199360
200194037
200206960
200134324
200134256
200133708
200203540
200184365
200153028
200133193
200196016
200206253
200206196
200206047
200151954
200149945
200205715
200205717
200179915
200179914
200179913
200197447
200178281
200178279
200178278
200205384
200133348
200188790
200190954
200180796
200133439
200131514
200185572
200181239
200131228
200184374
200184373
200184372
200202144
200197084
200191313
200189181
200200694
200200758
200193270
200191271
200188752
200198953
200189154
200186657
200197379
200197538
200160371
200186526
200126081
200197539
200191318
200179614
200191073
200189206
200180830
200171972
200171971
200171970
200171969
200185757
200126176
200194286
200155677
200194212
200158637
200193736
200183139
200186002
200182850
200182473
200181945
200181915
200181687
200152214
200192347
200192346
200174575
200190495
200190571
200182531
200184331
200163680
200189294
200180482
200160623
200168336
200165438
200165151
200188639
200182184
200188170
200183114
200175768
200160448
200145686
200145685
200185893
200185892
200185426
200164796
200113593
200113591
200113589
200113587
200165794
200139988
200166491
200159469
200149024
200131229
200154618
200130562
200159658
200162597
200162596
200162595
200162594
200165592
200182128
200182079
200182078
200182077
200159777
200181993
200181969
200181772
200181770
200181767
200181402
200159494
200181416
200175465
200166974
200158477
200179963
200180743
200180742
200180741
200180740
200180739
200180738
200180737
200166465
200179607
200179434
200165421
200152969
200152968
200152967
200152966
200152848
200167519
200167518
200167517
200178954
200152882
200152880
200152879
200157450
200175456
200142291
200175936
200161795
200161794
200161756
200161755
200161754
200171362
200151224
200114871
200174271
200174268
200158198
200173678
200168968
200173614
200173410
200152295
200145571
200172467
200153253
200133607
200171533
200139983
200150416
200085472
200139245
200169499
200158570
200169069
200168963
200165412
200167389
200168010
200156143
200153906
200166938
200151955
200085194
200165812
200109907
200165634
200165446
200054407
200054406
200054405
200054404
200054403
200164308
200143554
200109025
200164236
200147611
200163855
200108442
200151959
200108190
200162978
200154563
200107833
200156896
200162346
200137882
200140211
200159409
200161907
200161708
200140478
200133709
200129317
200144943
200144942
200144941
200144940
200158959
200151327
200160284
200160082
200146396
200136977
200149666
200143856
200143855
200143851
200151596
200137348
200158683
200151688
200149059
200158899
200150034
200154648
200138088
200158461
200143631
200157942
200153477
200155944
200155942
200136101
200157014
200110956
200060669
200060668
200060667
200136273
200148596
200148595
200148594
200152619
200134665
200144604
200153815
200151940
200152974
200125959
200152664
200148424
200142755
200152445
200152170
200144030
200144029
200141320
200132139
200146240
200144621
200141018
200151022
200147272
200135949
200135938
200135910
200138044
200135698
200147614
200138173
200138070
200144316
200144315
200144795
200124673
200123050
200123049
200123048
200149236
200148719
200148034
200145630
200141883
200134667
200138828
200138827
200138829
200147336
200141694
200144816
200145424
200146162
200131635
200092397
200092359
200092348
200135906
200140614
200144819
200110854
200133289
200128246
200126019
200144068
200141011
200143807
200143629
200142164
200125110
200129281
200142656
200136239
200122320
200122296
200122295
200122211
200123795
200131520
200135556
200130799
200127679
200134335
200135867
200118058
200140847
200136753
200117635
200128997
200137362
200135516
200126584
200124807
200138576
200135717
200137922
200130726
200128611
200120780
200120240
200137483
200120032
200122870
200135706
200106412
200135946
200135937
200115330
200129285
200120789
200135211
200134218
200126248
200120786
200134792
200107921
200123974
200125368
200122971
200122921
200126710
200123248
200116942
200132637
200132442
200128606
200100022
200131992
200110005
200120052
200117737
200131382
200126228
200116655
200122286
200125633
200123854
200129936
200128812
200126600
200129163
200112451
200110137
200127728
200127680
200122129
200111370
200109819
200119454
200121218
200110946
200119104
200112463
200126008
200123675
200125488
200112064
200125085
200114098
200119440
200117952
200117541
200116435
200111317
200102347
200122779
200103415
200123554
200116652
200116577
200116576
200080019
200107048
200111874
200119094
200100263
200110493
200121927
200115274
200121595
200113529
200074121
200110168
200116453
200117939
200120726
200105112
200103428
200115725
200103732
200117566
200119046
200115135
200115132
200112545
200111095
200111094
200111093
200110582
200072020
200114917
200117273
200117326
200117303
200107974
200107973
200107972
200117186
200112430
200116304
200109932
200111962
200106633
200114358
200106448
200114262
200112878
200103421
200103774
200100373
200065643
200065642
200065641
200110831
200110730
200092601
200108758
200109766
200108535
200112421
200096706
200095211
200102672
200108727
200106849
200006100
200095575
200084421
200105133
200107093
200110255
200108871
200103764
200103937
200093896
200108846
200045979
200094531
200094530
200094529
200090128
200080020
200087118
200087117
200087071
200078814
200107301
200102386
200102385
200102381
200102380
200107330
200107329
200107328
200107327
200107550
200079278
200106630
200106628
200088906
200089746
200104505
200104504
200095857
200095310
200087438
200098890
200088835
200100817
200094978
200085914
200084255
200094342
200088717
200086640
200086639
200086638
200086637
200086636
200086635
200086634
200086633
200102091
200100233
200102322
200096573
200098505
200015265
200015261
200059682
200095567
200101471
200086632
200089685
200080827
200090066
200069517
200088981
200088980
200088979
200099661
200098661
200098660
200098659
200071784
200058325
200099042
200073885
200081584
200097944
200094998
200096551
200097406
200090743
200067218
200096955
200088725
200084830
200095318
200094984
200093125
200077463
200059760
200059759
200090485
200069020
200067735
200092734
200091001
200084769
200077617
200094117
200085334
200087856
200093565
200093506
200064849
200064848
200064847
200086341
200065244
200073969
200092255
200079880
200034177
200090056
200082341
200081004
200089507
200074810
200085540
200078041
200073640
200087712
200087711
200087627
200086271
200083617
200073707
200078756
200080674
200080251
200086536
200073673
200073672
200072113
200050713
200062987
200062988
200085950
200085807
200071279
200084847
200069782
200082343
200076167
200071562
200070507
200059067
200062394
200074836
200074809
200075818
200068287
200077674
200081974
200072283
200072282
200072182
200077184
200077183
200077181
200079305
200077872
200059377
200080451
200075641
200080002
200064866
200074882
200068107
200068106
200068105
200068064
200077177
200077176
200077009
200077008
200079509
200077687
200077686
200044928
200075718
200077765
200077325
200067221
200069872
200076916
200072899
200069856
200043376
200064990
200075009
200075988
200074933
200074932
200074931
200074930
200069449
200069413
200069412
200074184
200057784
200063052
200063817
200061749
200065385
200073416
200067869
200072525
200061658
200060522
200052770
200065712
200065711
200065710
200071249
200069375
200066482
200066481
200066441
200067119
200037780
200049367
200067607
200067606
200067605
200070688
200065347
200068762
200070325
200069963
200069912
200069830
200069829
200069788
200069662
200063858
200062918
200069250
200062995
200069265
200056833
200038186
200045907
200045906
200045905
200062102
200066520
200066519
200066518
200066517
200061092
200060546
200055097
200067402
200062898
200066995
200060107
200064488
200065290
200065278
200065277
200036130
200058623
200058509
200063336
200061604
200055719
200059441
200044790
200058556
200061327
200058912
200059468
200061619
200055199
200062094
200061223
200051170
200046455
200061738
200061736
200059408
200047427
200032131
200055662
200054901
200054900
200054899
200055972
200013181
200013180
200013179
200013178
200023578
200058176
200044211
200055879
200059050
200048199
200059397
200058977
200058976
200058927
200058902
200058806
200058637
200052059
200048324
200048038
200056408
200056407
200056372
200058285
200057245
200054512
200046120
200046118
200046113
200051361
200051052
200054271
200049939
200016335
200056720
200051731
200057084
200053767
200054669
200051611
200054199
200056447
200056133
200056251
200049914
200050529
200055496
200055367
200055366
200055365
200046740
200046737
200046543
200046541
200050556
200050210
200051582
200038185
200044258
200024915
200024914
200024913
200024912
200042821
200053140
200053138
200049918
200045421
200049296
200051639
200051581
200040851
200046415
200046414
200046413
200046412
200046625
200039343
200049605
200050828
200049865
200037095
200039696
200045228
200030345
200043408
200040811
200047732
200049474
200049468
200046479
200044042
200044040
200041975
200048832
200048829
200048809
200048807
200048776
200043659
200047589
200047509
200048409
200048151
200046144
200042675
200041195
200041190
200041189
200041187
200041186
200048015
200047418
200047221
200040603
200046507
200040304
200046442
200046232
200038876
200045443
200033367
200044846
200044752
200044614
200021115
200039926
200044273
200033212
200043325
200029076
200041093
200028565
200042702
200040313
200034991
200041022
200040427
200037026
200042205
200041940
200041939
200041938
200041936
200021857
200021856
200021820
200022285
200026223
200040557
200040693
200040648
200021652
200039439
200039667
200036779
200031538
200020380
200035822
200035821
200039607
200030679
200030692
200030424
200033021
200035049
200034046
200029803
200034631
200032022
200037830
200037826
200037670
200037664
200024524
200030441
200028838
200028399
200034028
200031054
200035641
200030005
200028193
200036922
200036885
200036248
200033895
200031806
200031805
200031804
200031982
200028280
200035797
200034023
200035392
200035371
200035100
200032561
200032544
200032542
200026591
200034956
200034449
200030893
200030639
200028320
200034590
200031333
200034275
200033671
200025318
200026187
200026054
200026932
200028144
200033735
200026931
200033131
200028795
200033147
200028630
200032562
200018474
200022060
200013361
200031140
200023359
200031029
200021869
200027326
200030838
200030403
200023001
200030207
200029954
200026589
200026588
200029486
200022207
200022057
200029266
200029440
200029439
200029424
200026687
200012411
200029267
200028836
200024353
200028412
200017798
200028312
200025478
200006033
200028210
200027607
200024998
200024991
200019953
200019917
200024875
200023199
200019842
200026340
200025982
200026017
200025601
200023686
200020095
200025745
200016762
200016747
200013301
200025561
200024478
200020606
200025106
200021604
200018972
200021839
200023417
200024373
200021893
200018118
200023920
200022833
200009418
200017788
200023712
200020326
200023526
200021341
200017465
200020397
200017568
200017526
200022829
200022885
200019053
200021194
200019742
200021995
200019370
200021906
200021551
200013562
200012831
200015500
200015391
200020413
200017853
200020374
200020305
200019879
200014796
200019841
200014064
200019760
200018059
200016973
200019655
200015406
200015405
200015404
200013902
200009495
200014203
200013698
200018935
200013666
200018852
200015588
200015534
200013444
200017991
200018623
200018362
200017519
200018183
200013011
200017389
200015050
200017926
200017070
200016414
200017786
200016565
200015059
200013830
200013829
200017584
200010319
200017467
200017533
200017517
200017507
200017506
200017505
200017420
200016946
200017441
200017314
200017277
200017276
200017074
200015188
200017036
200014069
200016562
200007326
200016726
200011041
200011894
200005818
200014472
200015783
200015533
200013589
200013418
200011463
200015409
200015319
200014238
200012701
200011932
200011779
200013938
200012750
200011183
200007656
200012554
200011303
200013048
200012878
200012877
200013982
200011230
200009671
200012903
200013132
200012797
200010307
200011927
200009178
200012373
200011052
200012190
200008674
200010160
200010159
200010158
200012006
200011509
200010116
200008708
200009923
200011562
200007885
200010345
200010855
200011254
200010974
200011087
200011051
200011010
200008889
200009388
200006923
200010811
200010757
200008706
200004778
200008323
200010440
200005192
200009752
200009197
200008595
200009814
200008965
200009755
200009587
200009582
200009203
200006609
200009434
200005981
200007695
200003665
200006925
200007439
200007931
200007398
200007380
200007379
200005905
200002140
200008540
200008532
200005552
200005212
200007477
200008008
200001154
200006712
200006781
200006644
200007243
200004562
200005177
200007573
200006195
200006486
200004569
200007265
200006992
200006426
200006425
200006296
200006836
200006444
200006407
200005356
200004724
200003905
200006069
200006061
200006060
200005990
200004556
200005904
200005139
200005137
200005098
200005084
200005076
200005075
200004690
200004735
200005239
200004941
200004706
200003937
200004511
200004408
200004417
200004394
200004383
200004380
200004379
200004378
200004377
200004376
200004375
200004374
200004373
200004372
200004371
200004370
200004369
200004368
200004367
200004366
200004365
200004364
200004363
200004362
200004361
200004360
200004359
200004358
200004357
200004344
200004321
200002827
200004112
200003978
200003977
200003870
200003869
200003591
200003514
200003437
200003250
200003283
200003267
200003265
200003105
200003123
200002999
200002928
200002697
200002694
200002129
200002095
200002037
200001981
200002065
200001780
200001735
200001730
200001421
200001121
200001107
200001106
200000533
200000033
200000009
200000008
200000007
